           1   0.0000000000000000        0.0000000000000000       5.92878775009495853E-323
           2   1.0000000000000000        1.0000000000000000        20.000000000000000     
           3   1.0000000000000000        1.0000000000000000        20.000000000000000     
           4   1.0000000000000000        1.0000000000000000        20.000000000000000     
           5   1.0293582026165304        2.1474169668930951        19.354903922799327     
           6   1.0876993048006585        2.7002623751766808        18.626693089772562     
           7   1.0876993048006585        2.7002623751766808        18.626693089772562     
           8   1.0876993048006585        2.7002623751766808        18.626693089772562     
           9   1.0876993048006585        2.7002623751766808        18.626693089772562     
          10   1.0876993048006585        2.7002623751766808        18.626693089772562     
          11   1.8063381649894981        1.4384505587664405        17.525118475018942     
          12   1.8063381649894981        1.4384505587664405        17.525118475018942     
          13   1.8063381649894981        1.4384505587664405        17.525118475018942     
          14   1.8063381649894981        1.4384505587664405        17.525118475018942     
          15   1.8063381649894981        1.4384505587664405        17.525118475018942     
          16   1.8063381649894981        1.4384505587664405        16.859297488266520     
          17   1.8063381649894981        1.4384505587664405        16.859297488266520     
          18   1.8332318513739052        2.8372225057741307        15.607701646134023     
          19   2.2707540312884502        2.0570240273592613        14.270512410029479     
          20   2.2707540312884502        2.0570240273592613        14.207111920273460     
          21   2.2707540312884502        2.0570240273592613        14.207111920273460     
          22   2.2707540312884502        2.0570240273592613        13.967070991752431     
          23   2.2837724719007881        2.5776850588855540        12.787864878769255     
          24   2.2837724719007881        2.5776850588855540        12.787864878769255     
          25   2.2837724719007881        2.5776850588855540        12.553282050469925     
          26   2.2837724719007881        2.5776850588855540        12.553282050469925     
          27   2.2837724719007881        2.5776850588855540        12.553282050469925     
          28   2.2837724719007881        2.5776850588855540        12.309030029315933     
          29   2.2837724719007881        2.5776850588855540        12.309030029315933     
          30   2.2837724719007881        2.5776850588855540        12.309030029315933     
          31   2.2837724719007881        2.5776850588855540        11.974334770306708     
          32   2.2837724719007881        2.5776850588855540        11.974334770306708     
          33   2.6331404495426147        3.5216005346353283        10.852257681552144     
          34   3.5821263613268481        2.3128974169549830        9.3127223068435043     
          35   3.5821263613268481        2.3128974169549830        9.3127223068435043     
          36   3.5821263613268481        2.3128974169549830        8.8067080434620113     
          37   3.5821263613268481        2.3128974169549830        8.8067080434620113     
          38   3.5821263613268481        2.3128974169549830        8.8067080434620113     
          39   3.5821263613268481        2.3128974169549830        8.8067080434620113     
          40   3.5821263613268481        2.3128974169549830        8.8067080434620113     
          41   3.5821263613268481        2.3128974169549830        8.0202465854032035     
          42   3.5821263613268481        2.3128974169549830        7.2011327423080544     
          43   3.5821263613268481        2.3128974169549830        7.2011327423080544     
          44   3.5821263613268481        2.3128974169549830        7.1763341924507102     
          45   3.5821263613268481        2.3128974169549830        7.1314672105470613     
          46   3.5821263613268481        2.3128974169549830        7.1314672105470613     
          47   4.4289556768928362        2.2646743434264889        5.9791452355423163     
          48   4.4289556768928362        2.2646743434264889        5.9791452355423163     
          49   4.4289556768928362        2.2646743434264889        5.9791452355423163     
          50   4.4289556768928362        2.2646743434264889        5.9791452355423163     
          51   4.4289556768928362        2.2646743434264889        5.4140958220460513     
          52   4.4289556768928362        2.2646743434264889        5.4140958220460513     
          53   4.4289556768928362        2.2646743434264889        5.4140958220460513     
          54   4.4289556768928362        2.2646743434264889        4.7796672774778770     
          55   4.4289556768928362        2.2646743434264889        4.7400401978243210     
          56   4.4289556768928362        2.2646743434264889        4.7400401978243210     
          57   4.4289556768928362        2.2646743434264889        4.7400401978243210     
          58   4.4289556768928362        2.2646743434264889        4.7400401978243210     
          59   4.4289556768928362        2.2646743434264889        4.7400401978243210     
          60   4.4289556768928362        2.2646743434264889        4.7400401978243210     
          61   4.4289556768928362        2.2646743434264889        4.7400401978243210     
          62   4.4289556768928362        2.2646743434264889        4.7400401978243210     
          63   4.4289556768928362        2.2646743434264889        4.7400401978243210     
          64   4.4289556768928362        2.2646743434264889        4.3341741681062569     
          65   4.4289556768928362        2.2646743434264889        3.8996460581360668     
          66   4.4289556768928362        2.2646743434264889        3.8996460581360668     
          67   4.4289556768928362        2.2646743434264889        3.3484242293067914     
          68   4.4289556768928362        2.2646743434264889        3.3484242293067914     
          69   4.4289556768928362        2.2646743434264889        3.3484242293067914     
          70   4.4289556768928362        2.2646743434264889        3.3484242293067914     
          71   4.4289556768928362        2.2646743434264889        3.3484242293067914     
          72   4.4289556768928362        2.2646743434264889        2.9124872663406332     
          73   4.4289556768928362        2.2646743434264889        2.9124872663406332     
          74   4.4289556768928362        2.2646743434264889        2.9124872663406332     
          75   4.4289556768928362        2.2646743434264889        2.9124872663406332     
          76   4.4289556768928362        2.2646743434264889        2.9124872663406332     
          77   4.4289556768928362        2.2646743434264889        2.7539628008734023     
          78   4.4289556768928362        2.2646743434264889        2.7539628008734023     
          79   4.4289556768928362        2.2646743434264889        2.7539628008734023     
          80   4.4289556768928362        2.2646743434264889        2.7539628008734023     
          81   4.4289556768928362        2.2646743434264889        2.5519812928489038     
          82   4.4289556768928362        2.2646743434264889        2.5519812928489038     
          83   4.4289556768928362        2.2646743434264889        2.5519812928489038     
          84   4.4289556768928362        2.2646743434264889        2.4501363562822154     
          85   4.4289556768928362        2.2646743434264889        2.4501363562822154     
          86   4.4289556768928362        2.2646743434264889        2.4501363562822154     
          87   4.4289556768928362        2.2646743434264889        2.4218632936503739     
          88   4.4289556768928362        2.2646743434264889        2.2602424467029816     
          89   4.4289556768928362        2.2646743434264889        2.2602424467029816     
          90   4.1317233427319175        3.0783328092140070        1.9842956982016624     
          91   4.1317233427319175        3.0783328092140070        1.9842956982016624     
          92   4.1317233427319175        3.0783328092140070        1.9842956982016624     
          93   4.1317233427319175        3.0783328092140070        1.9753389478696513     
          94   4.1317233427319175        3.0783328092140070        1.9753389478696513     
          95   4.1317233427319175        3.0783328092140070        1.9753389478696513     
          96   4.7065428501277999        2.8648294449064413        1.6311967859888776     
          97   4.7065428501277999        2.8648294449064413        1.6311967859888776     
          98   4.7065428501277999        2.8648294449064413        1.6311967859888776     
          99   4.7065428501277999        2.8648294449064413        1.6311967859888776     
         100   4.7065428501277999        2.8648294449064413        1.6311967859888776     
         101   4.7065428501277999        2.8648294449064413        1.5474330693770020     
         102   4.7065428501277999        2.8648294449064413        1.5474330693770020     
         103   4.7065428501277999        2.8648294449064413        1.4333313453749921     
         104   4.7065428501277999        2.8648294449064413        1.4333313453749921     
         105   4.7065428501277999        2.8648294449064413        1.4333313453749921     
         106   4.7065428501277999        2.8648294449064413        1.4333313453749921     
         107   4.7065428501277999        2.8648294449064413        1.4333313453749921     
         108   4.7065428501277999        2.8648294449064413        1.2250752399960387     
         109   4.7065428501277999        2.8648294449064413        1.1976622146414511     
         110   4.7065428501277999        2.8648294449064413        1.1976622146414511     
         111   4.7065428501277999        2.8648294449064413        1.1976622146414511     
         112   4.7065428501277999        2.8648294449064413        1.1976622146414511     
         113   4.7065428501277999        2.8648294449064413        1.1976622146414511     
         114   4.7065428501277999        2.8648294449064413        1.1976622146414511     
         115   4.7065428501277999        2.8648294449064413        1.1976622146414511     
         116   4.7065428501277999        2.8648294449064413        1.1712765361184347     
         117   4.7065428501277999        2.8648294449064413        1.1712765361184347     
         118   4.7065428501277999        2.8648294449064413        1.1584775729031729     
         119   4.7065428501277999        2.8648294449064413        1.1584775729031729     
         120   4.7065428501277999        2.8648294449064413        1.1467519117730236     
         121   4.7065428501277999        2.8648294449064413        1.1467519117730236     
         122   4.7065428501277999        2.8648294449064413       0.97536215053163333     
         123   4.7065428501277999        2.8648294449064413       0.97536215053163333     
         124   4.7065428501277999        2.8648294449064413       0.97536215053163333     
         125   4.7065428501277999        2.8648294449064413       0.97536215053163333     
         126   4.7065428501277999        2.8648294449064413       0.82027305260939665     
         127   4.7065428501277999        2.8648294449064413       0.82027305260939665     
         128   4.7065428501277999        2.8648294449064413       0.82027305260939665     
         129   4.7065428501277999        2.8648294449064413       0.82027305260939665     
         130   4.7065428501277999        2.8648294449064413       0.82027305260939665     
         131   4.7065428501277999        2.8648294449064413       0.82027305260939665     
         132   4.7065428501277999        2.8648294449064413       0.73266849732914263     
         133   4.7065428501277999        2.8648294449064413       0.73266849732914263     
         134   4.7065428501277999        2.8648294449064413       0.73266849732914263     
         135   4.7065428501277999        2.8648294449064413       0.73266849732914263     
         136   4.7065428501277999        2.8648294449064413       0.64479972450037981     
         137   4.7065428501277999        2.8648294449064413       0.63426797748802333     
         138   4.7065428501277999        2.8648294449064413       0.63426797748802333     
         139   4.7065428501277999        2.8648294449064413       0.63426797748802333     
         140   4.7065428501277999        2.8648294449064413       0.63383697780131154     
         141   4.7065428501277999        2.8648294449064413       0.63383697780131154     
         142   4.7065428501277999        2.8648294449064413       0.63383697780131154     
         143   4.7065428501277999        2.8648294449064413       0.63383697780131154     
         144   4.7065428501277999        2.8648294449064413       0.63383697780131154     
         145   4.7065428501277999        2.8648294449064413       0.60158802281326307     
         146   4.7065428501277999        2.8648294449064413       0.60158802281326307     
         147   4.7065428501277999        2.8648294449064413       0.60158802281326307     
         148   4.7065428501277999        2.8648294449064413       0.60158802281326307     
         149   4.7065428501277999        2.8648294449064413       0.53767769602884807     
         150   4.7065428501277999        2.8648294449064413       0.53767769602884807     
         151   4.7065428501277999        2.8648294449064413       0.53767769602884807     
         152   4.7065428501277999        2.8648294449064413       0.53767769602884807     
         153   4.7065428501277999        2.8648294449064413       0.53767769602884807     
         154   4.7065428501277999        2.8648294449064413       0.53767769602884807     
         155   4.7065428501277999        2.8648294449064413       0.48401592826362050     
         156   4.7065428501277999        2.8648294449064413       0.48315439488303624     
         157   4.7065428501277999        2.8648294449064413       0.48315439488303624     
         158   4.7065428501277999        2.8648294449064413       0.47659353173639585     
         159   4.7065428501277999        2.8648294449064413       0.47659353173639585     
         160   4.7065428501277999        2.8648294449064413       0.47659353173639585     
         161   4.7065428501277999        2.8648294449064413       0.47659353173639585     
         162   4.7065428501277999        2.8648294449064413       0.47659353173639585     
         163   4.7065428501277999        2.8648294449064413       0.47659353173639585     
         164   4.7065428501277999        2.8648294449064413       0.43269633974842758     
         165   4.7065428501277999        2.8648294449064413       0.43269633974842758     
         166   4.7065428501277999        2.8648294449064413       0.43269633974842758     
         167   4.7065428501277999        2.8648294449064413       0.43269633974842758     
         168   4.7065428501277999        2.8648294449064413       0.43269633974842758     
         169   4.7065428501277999        2.8648294449064413       0.43269633974842758     
         170   4.7065428501277999        2.8648294449064413       0.43269633974842758     
         171   4.7065428501277999        2.8648294449064413       0.43269633974842758     
         172   4.7065428501277999        2.8648294449064413       0.43269633974842758     
         173   4.7065428501277999        2.8648294449064413       0.43269633974842758     
         174   4.7065428501277999        2.8648294449064413       0.43269633974842758     
         175   4.7065428501277999        2.8648294449064413       0.43269633974842758     
         176   4.7065428501277999        2.8648294449064413       0.43269633974842758     
         177   4.7065428501277999        2.8648294449064413       0.43269633974842758     
         178   4.7065428501277999        2.8648294449064413       0.43269633974842758     
         179   4.7065428501277999        2.8648294449064413       0.43269633974842758     
         180   4.7065428501277999        2.8648294449064413       0.40601540828982824     
         181   4.7065428501277999        2.8648294449064413       0.40601540828982824     
         182   4.7065428501277999        2.8648294449064413       0.38056764313231384     
         183   4.7065428501277999        2.8648294449064413       0.35707962158677387     
         184   4.7065428501277999        2.8648294449064413       0.34162069737065859     
         185   4.7065428501277999        2.8648294449064413       0.34162069737065859     
         186   4.7065428501277999        2.8648294449064413       0.34162069737065859     
         187   4.7065428501277999        2.8648294449064413       0.34162069737065859     
         188   4.7065428501277999        2.8648294449064413       0.34162069737065859     
         189   4.7065428501277999        2.8648294449064413       0.34162069737065859     
         190   4.7065428501277999        2.8648294449064413       0.33746867754188986     
         191   4.7065428501277999        2.8648294449064413       0.33746867754188986     
         192   4.7065428501277999        2.8648294449064413       0.33746867754188986     
         193   4.7065428501277999        2.8648294449064413       0.31105728068978955     
         194   4.7065428501277999        2.8648294449064413       0.31105728068978955     
         195   4.7065428501277999        2.8648294449064413       0.31105728068978955     
         196   4.7065428501277999        2.8648294449064413       0.31105728068978955     
         197   4.7065428501277999        2.8648294449064413       0.31105728068978955     
         198   4.7065428501277999        2.8648294449064413       0.31105728068978955     
         199   4.7065428501277999        2.8648294449064413       0.31105728068978955     
         200   4.7065428501277999        2.8648294449064413       0.31105728068978955     
         201   4.7065428501277999        2.8648294449064413       0.31105728068978955     
         202   4.7065428501277999        2.8648294449064413       0.31105728068978955     
         203   4.7065428501277999        2.8648294449064413       0.31105728068978955     
         204   4.7065428501277999        2.8648294449064413       0.31105728068978955     
         205   4.7065428501277999        2.8648294449064413       0.29923033793916454     
         206   4.7065428501277999        2.8648294449064413       0.29923033793916454     
         207   4.7065428501277999        2.8648294449064413       0.29923033793916454     
         208   4.7065428501277999        2.8648294449064413       0.29923033793916454     
         209   4.7065428501277999        2.8648294449064413       0.28218311624443670     
         210   4.7065428501277999        2.8648294449064413       0.28211410907777851     
         211   4.7065428501277999        2.8648294449064413       0.26946257676595414     
         212   4.7065428501277999        2.8648294449064413       0.26946257676595414     
         213   4.7065428501277999        2.8648294449064413       0.26816196854622865     
         214   4.7065428501277999        2.8648294449064413       0.26816196854622865     
         215   4.7065428501277999        2.8648294449064413       0.26816196854622865     
         216   4.7065428501277999        2.8648294449064413       0.26816196854622865     
         217   4.7065428501277999        2.8648294449064413       0.26816196854622865     
         218   4.7065428501277999        2.8648294449064413       0.26816196854622865     
         219   4.7065428501277999        2.8648294449064413       0.26567324504689271     
         220   4.7065428501277999        2.8648294449064413       0.25874726196149483     
         221   4.7065428501277999        2.8648294449064413       0.25874726196149483     
         222   4.7065428501277999        2.8648294449064413       0.25874726196149483     
         223   4.7065428501277999        2.8648294449064413       0.24537298562878648     
         224   4.7065428501277999        2.8648294449064413       0.24408475176524938     
         225   4.7065428501277999        2.8648294449064413       0.24408475176524938     
         226   4.7065428501277999        2.8648294449064413       0.22997500880553715     
         227   4.7065428501277999        2.8648294449064413       0.22997500880553715     
         228   4.7065428501277999        2.8648294449064413       0.22019555393876794     
         229   4.7065428501277999        2.8648294449064413       0.22019555393876794     
         230   4.7065428501277999        2.8648294449064413       0.22019555393876794     
         231   4.7065428501277999        2.8648294449064413       0.22019555393876794     
         232   4.7065428501277999        2.8648294449064413       0.22019555393876794     
         233   4.7065428501277999        2.8648294449064413       0.22019555393876794     
         234   4.7065428501277999        2.8648294449064413       0.22019555393876794     
         235   4.7065428501277999        2.8648294449064413       0.22019555393876794     
         236   4.7065428501277999        2.8648294449064413       0.22019555393876794     
         237   4.7065428501277999        2.8648294449064413       0.22019555393876794     
         238   4.7065428501277999        2.8648294449064413       0.22019555393876794     
         239   4.7065428501277999        2.8648294449064413       0.21686915491421968     
         240   4.7065428501277999        2.8648294449064413       0.21686915491421968     
         241   4.7065428501277999        2.8648294449064413       0.21686915491421968     
         242   4.7065428501277999        2.8648294449064413       0.21686915491421968     
         243   4.7065428501277999        2.8648294449064413       0.21686915491421968     
         244   4.7065428501277999        2.8648294449064413       0.21346387741149089     
         245   4.7065428501277999        2.8648294449064413       0.21346387741149089     
         246   4.7065428501277999        2.8648294449064413       0.20694513029809794     
         247   4.7065428501277999        2.8648294449064413       0.20441787592792532     
         248   4.7065428501277999        2.8648294449064413       0.19558283094553652     
         249   4.7065428501277999        2.8648294449064413       0.19558283094553652     
         250   4.7065428501277999        2.8648294449064413       0.19558283094553652     
         251   4.7065428501277999        2.8648294449064413       0.19558283094553652     
         252   4.7065428501277999        2.8648294449064413       0.19411333377681933     
         253   4.7065428501277999        2.8648294449064413       0.18735873423232649     
         254   4.7065428501277999        2.8648294449064413       0.18735873423232649     
         255   4.7065428501277999        2.8648294449064413       0.18735873423232649     
         256   4.7065428501277999        2.8648294449064413       0.18735873423232649     
         257   4.7065428501277999        2.8648294449064413       0.18735873423232649     
         258   4.7065428501277999        2.8648294449064413       0.18041375951450378     
         259   4.7065428501277999        2.8648294449064413       0.18041375951450378     
         260   4.7065428501277999        2.8648294449064413       0.18041375951450378     
         261   4.7065428501277999        2.8648294449064413       0.18041375951450378     
         262   4.7065428501277999        2.8648294449064413       0.16923570600602189     
         263   4.7065428501277999        2.8648294449064413       0.16747616755292014     
         264   4.7065428501277999        2.8648294449064413       0.16747616755292014     
         265   4.7065428501277999        2.8648294449064413       0.16747616755292014     
         266   4.7065428501277999        2.8648294449064413       0.16466942229325376     
         267   4.7065428501277999        2.8648294449064413       0.16466942229325376     
         268   4.7065428501277999        2.8648294449064413       0.16466942229325376     
         269   4.7065428501277999        2.8648294449064413       0.16466942229325376     
         270   4.7065428501277999        2.8648294449064413       0.16466942229325376     
         271   4.7065428501277999        2.8648294449064413       0.16174881985826728     
         272   4.7065428501277999        2.8648294449064413       0.16174881985826728     
         273   4.7065428501277999        2.8648294449064413       0.16174881985826728     
         274   4.7065428501277999        2.8648294449064413       0.16174881985826728     
         275   4.7065428501277999        2.8648294449064413       0.16174881985826728     
         276   4.7065428501277999        2.8648294449064413       0.16174881985826728     
         277   4.7065428501277999        2.8648294449064413       0.16174881985826728     
         278   4.7065428501277999        2.8648294449064413       0.16174881985826728     
         279   4.7065428501277999        2.8648294449064413       0.16174881985826728     
         280   4.7065428501277999        2.8648294449064413       0.16159584632229904     
         281   4.7065428501277999        2.8648294449064413       0.16159584632229904     
         282   4.7065428501277999        2.8648294449064413       0.16159584632229904     
         283   4.7065428501277999        2.8648294449064413       0.16159584632229904     
         284   4.7065428501277999        2.8648294449064413       0.16159584632229904     
         285   4.7065428501277999        2.8648294449064413       0.16159584632229904     
         286   4.7065428501277999        2.8648294449064413       0.15756586883169379     
         287   4.7065428501277999        2.8648294449064413       0.15756586883169379     
         288   4.7065428501277999        2.8648294449064413       0.15756586883169379     
         289   4.7065428501277999        2.8648294449064413       0.15756586883169379     
         290   4.7065428501277999        2.8648294449064413       0.15756586883169379     
         291   4.7065428501277999        2.8648294449064413       0.15420114944630045     
         292   4.7065428501277999        2.8648294449064413       0.15420114944630045     
         293   4.7065428501277999        2.8648294449064413       0.15420114944630045     
         294   4.7065428501277999        2.8648294449064413       0.15420114944630045     
         295   4.7065428501277999        2.8648294449064413       0.15420114944630045     
         296   4.7065428501277999        2.8648294449064413       0.15420114944630045     
         297   4.7065428501277999        2.8648294449064413       0.15420114944630045     
         298   4.7065428501277999        2.8648294449064413       0.15291182357957089     
         299   4.7065428501277999        2.8648294449064413       0.15177973671741396     
         300   4.7065428501277999        2.8648294449064413       0.15177973671741396     
         301   4.7065428501277999        2.8648294449064413       0.15012288660797027     
         302   4.7065428501277999        2.8648294449064413       0.15012288660797027     
         303   4.7065428501277999        2.8648294449064413       0.15012288660797027     
         304   4.7065428501277999        2.8648294449064413       0.15002687960179797     
         305   4.7065428501277999        2.8648294449064413       0.15002687960179797     
         306   4.7065428501277999        2.8648294449064413       0.15002687960179797     
         307   4.7065428501277999        2.8648294449064413       0.14958395799848781     
         308   4.7065428501277999        2.8648294449064413       0.14958395799848781     
         309   4.7065428501277999        2.8648294449064413       0.14958395799848781     
         310   4.7065428501277999        2.8648294449064413       0.14958395799848781     
         311   4.7065428501277999        2.8648294449064413       0.14958395799848781     
         312   4.7065428501277999        2.8648294449064413       0.14958395799848781     
         313   4.7065428501277999        2.8648294449064413       0.14958395799848781     
         314   4.7065428501277999        2.8648294449064413       0.14958395799848781     
         315   4.7065428501277999        2.8648294449064413       0.14918841592920259     
         316   4.7065428501277999        2.8648294449064413       0.14918841592920259     
         317   4.7065428501277999        2.8648294449064413       0.14918841592920259     
         318   4.7065428501277999        2.8648294449064413       0.14696963027606255     
         319   4.7065428501277999        2.8648294449064413       0.14642898340456964     
         320   4.7065428501277999        2.8648294449064413       0.14642898340456964     
         321   4.7065428501277999        2.8648294449064413       0.14642898340456964     
         322   4.7065428501277999        2.8648294449064413       0.14642898340456964     
         323   4.7065428501277999        2.8648294449064413       0.14642898340456964     
         324   4.7065428501277999        2.8648294449064413       0.14642898340456964     
         325   4.7065428501277999        2.8648294449064413       0.14642898340456964     
         326   4.7065428501277999        2.8648294449064413       0.14642898340456964     
         327   4.7065428501277999        2.8648294449064413       0.14642898340456964     
         328   4.7065428501277999        2.8648294449064413       0.14642898340456964     
         329   4.7065428501277999        2.8648294449064413       0.14580751297160177     
         330   4.7065428501277999        2.8648294449064413       0.14568158829997041     
         331   4.7065428501277999        2.8648294449064413       0.14568158829997041     
         332   4.7065428501277999        2.8648294449064413       0.14568158829997041     
         333   4.7065428501277999        2.8648294449064413       0.14568158829997041     
         334   4.7065428501277999        2.8648294449064413       0.14568158829997041     
         335   4.7065428501277999        2.8648294449064413       0.14568158829997041     
         336   4.7065428501277999        2.8648294449064413       0.14544409969229138     
         337   4.7065428501277999        2.8648294449064413       0.14544409969229138     
         338   4.7065428501277999        2.8648294449064413       0.14544409969229138     
         339   4.7065428501277999        2.8648294449064413       0.14544409969229138     
         340   4.7065428501277999        2.8648294449064413       0.14544409969229138     
         341   4.7065428501277999        2.8648294449064413       0.14544409969229138     
         342   4.7065428501277999        2.8648294449064413       0.14483668619431314     
         343   4.7065428501277999        2.8648294449064413       0.14483668619431314     
         344   4.7065428501277999        2.8648294449064413       0.14404739227203681     
         345   4.7065428501277999        2.8648294449064413       0.14293628598096406     
         346   4.7065428501277999        2.8648294449064413       0.14132728691142191     
         347   4.7065428501277999        2.8648294449064413       0.14132728691142191     
         348   4.7065428501277999        2.8648294449064413       0.14132728691142191     
         349   4.7065428501277999        2.8648294449064413       0.14064745519630609     
         350   4.7065428501277999        2.8648294449064413       0.14064745519630609     
         351   4.7065428501277999        2.8648294449064413       0.14064745519630609     
         352   4.7065428501277999        2.8648294449064413       0.14064745519630609     
         353   4.7065428501277999        2.8648294449064413       0.14064745519630609     
         354   4.7065428501277999        2.8648294449064413       0.14064745519630609     
         355   4.7065428501277999        2.8648294449064413       0.14061587454959118     
         356   4.7065428501277999        2.8648294449064413       0.14061587454959118     
         357   4.7065428501277999        2.8648294449064413       0.13995641488722846     
         358   4.7065428501277999        2.8648294449064413       0.13995641488722846     
         359   4.7065428501277999        2.8648294449064413       0.13995641488722846     
         360   4.7065428501277999        2.8648294449064413       0.13978533060929074     
         361   4.7065428501277999        2.8648294449064413       0.13978533060929074     
         362   4.7065428501277999        2.8648294449064413       0.13978533060929074     
         363   4.7065428501277999        2.8648294449064413       0.13978533060929074     
         364   4.7065428501277999        2.8648294449064413       0.13978533060929074     
         365   4.7065428501277999        2.8648294449064413       0.13882275286056361     
         366   4.7065428501277999        2.8648294449064413       0.13829675284939791     
         367   4.7065428501277999        2.8648294449064413       0.13829675284939791     
         368   4.7065428501277999        2.8648294449064413       0.13829675284939791     
         369   4.7065428501277999        2.8648294449064413       0.13829675284939791     
         370   4.7065428501277999        2.8648294449064413       0.13792931669143116     
         371   4.7065428501277999        2.8648294449064413       0.13792931669143116     
         372   4.7065428501277999        2.8648294449064413       0.13792931669143116     
         373   4.7065428501277999        2.8648294449064413       0.13792931669143116     
         374   4.7065428501277999        2.8648294449064413       0.13792931669143116     
         375   4.7065428501277999        2.8648294449064413       0.13792931669143116     
         376   4.7065428501277999        2.8648294449064413       0.13792931669143116     
         377   4.7065428501277999        2.8648294449064413       0.13792931669143116     
         378   4.7065428501277999        2.8648294449064413       0.13792931669143116     
         379   4.7065428501277999        2.8648294449064413       0.13792226948434080     
         380   4.7065428501277999        2.8648294449064413       0.13792226948434080     
         381   4.7065428501277999        2.8648294449064413       0.13792226948434080     
         382   4.7065428501277999        2.8648294449064413       0.13792226948434080     
         383   4.7065428501277999        2.8648294449064413       0.13792226948434080     
         384   4.7065428501277999        2.8648294449064413       0.13791747293055034     
         385   4.7065428501277999        2.8648294449064413       0.13791747293055034     
         386   4.7065428501277999        2.8648294449064413       0.13786326413887817     
         387   4.7065428501277999        2.8648294449064413       0.13757445393073481     
         388   4.7065428501277999        2.8648294449064413       0.13757445393073481     
         389   4.7065428501277999        2.8648294449064413       0.13757445393073481     
         390   4.7065428501277999        2.8648294449064413       0.13757445393073481     
         391   4.7065428501277999        2.8648294449064413       0.13757445393073481     
         392   4.7065428501277999        2.8648294449064413       0.13757445393073481     
         393   4.7065428501277999        2.8648294449064413       0.13751712392582519     
         394   4.7065428501277999        2.8648294449064413       0.13709934609547667     
         395   4.7065428501277999        2.8648294449064413       0.13709934609547667     
         396   4.7065428501277999        2.8648294449064413       0.13673573197625569     
         397   4.7065428501277999        2.8648294449064413       0.13673573197625569     
         398   4.7065428501277999        2.8648294449064413       0.13673573197625569     
         399   4.7065428501277999        2.8648294449064413       0.13673573197625569     
         400   4.7065428501277999        2.8648294449064413       0.13673573197625569     
         401   4.7065428501277999        2.8648294449064413       0.13673573197625569     
         402   4.7065428501277999        2.8648294449064413       0.13673573197625569     
         403   4.7065428501277999        2.8648294449064413       0.13673573197625569     
         404   4.7065428501277999        2.8648294449064413       0.13673573197625569     
         405   4.7065428501277999        2.8648294449064413       0.13673573197625569     
         406   4.7065428501277999        2.8648294449064413       0.13653888708767095     
         407   4.7065428501277999        2.8648294449064413       0.13653888708767095     
         408   4.7065428501277999        2.8648294449064413       0.13641011546095963     
         409   4.7065428501277999        2.8648294449064413       0.13606318948580037     
         410   4.7065428501277999        2.8648294449064413       0.13606318948580037     
         411   4.7065428501277999        2.8648294449064413       0.13606318948580037     
         412   4.7065428501277999        2.8648294449064413       0.13606318948580037     
         413   4.7065428501277999        2.8648294449064413       0.13590433874141963     
         414   4.7065428501277999        2.8648294449064413       0.13590433874141963     
         415   4.7065428501277999        2.8648294449064413       0.13590433874141963     
         416   4.7065428501277999        2.8648294449064413       0.13590433874141963     
         417   4.7065428501277999        2.8648294449064413       0.13565087990395383     
         418   4.7065428501277999        2.8648294449064413       0.13550221478149593     
         419   4.7065428501277999        2.8648294449064413       0.13550221478149593     
         420   4.7065428501277999        2.8648294449064413       0.13550221478149593     
         421   4.7065428501277999        2.8648294449064413       0.13550221478149593     
         422   4.7065428501277999        2.8648294449064413       0.13536210662102222     
         423   4.7065428501277999        2.8648294449064413       0.13536210662102222     
         424   4.7065428501277999        2.8648294449064413       0.13527571651534462     
         425   4.7065428501277999        2.8648294449064413       0.13527571651534462     
         426   4.7065428501277999        2.8648294449064413       0.13527571651534462     
         427   4.7065428501277999        2.8648294449064413       0.13527571651534462     
         428   4.7065428501277999        2.8648294449064413       0.13527571651534462     
         429   4.7065428501277999        2.8648294449064413       0.13521646539841145     
         430   4.7065428501277999        2.8648294449064413       0.13521646539841145     
         431   4.7065428501277999        2.8648294449064413       0.13521646539841145     
         432   4.7065428501277999        2.8648294449064413       0.13521646539841145     
         433   4.7065428501277999        2.8648294449064413       0.13521646539841145     
         434   4.7065428501277999        2.8648294449064413       0.13516838320468028     
         435   4.7065428501277999        2.8648294449064413       0.13507726229052169     
         436   4.7065428501277999        2.8648294449064413       0.13507726229052169     
         437   4.7065428501277999        2.8648294449064413       0.13507726229052169     
         438   4.7065428501277999        2.8648294449064413       0.13499041464181954     
         439   4.7065428501277999        2.8648294449064413       0.13499041464181954     
         440   4.7065428501277999        2.8648294449064413       0.13499041464181954     
         441   4.7065428501277999        2.8648294449064413       0.13499041464181954     
         442   4.7065428501277999        2.8648294449064413       0.13499041464181954     
         443   4.7065428501277999        2.8648294449064413       0.13476106532905266     
         444   4.7065428501277999        2.8648294449064413       0.13469373053822936     
         445   4.7065428501277999        2.8648294449064413       0.13469373053822936     
         446   4.7065428501277999        2.8648294449064413       0.13469373053822936     
         447   4.7065428501277999        2.8648294449064413       0.13465258039670253     
         448   4.7065428501277999        2.8648294449064413       0.13465258039670253     
         449   4.7065428501277999        2.8648294449064413       0.13465258039670253     
         450   4.7065428501277999        2.8648294449064413       0.13465258039670253     
         451   4.7065428501277999        2.8648294449064413       0.13465258039670253     
         452   4.7065428501277999        2.8648294449064413       0.13454814871935114     
         453   4.7065428501277999        2.8648294449064413       0.13454814871935114     
         454   4.7065428501277999        2.8648294449064413       0.13454814871935114     
         455   4.7065428501277999        2.8648294449064413       0.13440916628240238     
         456   4.7065428501277999        2.8648294449064413       0.13440916628240238     
         457   4.7065428501277999        2.8648294449064413       0.13440916628240238     
         458   4.7065428501277999        2.8648294449064413       0.13440598587019054     
         459   4.7065428501277999        2.8648294449064413       0.13440598587019054     
         460   4.7065428501277999        2.8648294449064413       0.13440598587019054     
         461   4.7065428501277999        2.8648294449064413       0.13440598587019054     
         462   4.7065428501277999        2.8648294449064413       0.13440598587019054     
         463   4.7065428501277999        2.8648294449064413       0.13440598587019054     
         464   4.7065428501277999        2.8648294449064413       0.13440598587019054     
         465   4.7065428501277999        2.8648294449064413       0.13435772765831533     
         466   4.7065428501277999        2.8648294449064413       0.13435772765831533     
         467   4.7065428501277999        2.8648294449064413       0.13435772765831533     
         468   4.7065428501277999        2.8648294449064413       0.13435772765831533     
         469   4.7065428501277999        2.8648294449064413       0.13435772765831533     
         470   4.7065428501277999        2.8648294449064413       0.13435772765831533     
         471   4.7065428501277999        2.8648294449064413       0.13420418442600179     
         472   4.7065428501277999        2.8648294449064413       0.13420418442600179     
         473   4.7065428501277999        2.8648294449064413       0.13420418442600179     
         474   4.7065428501277999        2.8648294449064413       0.13420418442600179     
         475   4.7065428501277999        2.8648294449064413       0.13420418442600179     
         476   4.7065428501277999        2.8648294449064413       0.13412156635036332     
         477   4.7065428501277999        2.8648294449064413       0.13412156635036332     
         478   4.7065428501277999        2.8648294449064413       0.13412156635036332     
         479   4.7065428501277999        2.8648294449064413       0.13412156635036332     
         480   4.7065428501277999        2.8648294449064413       0.13412156635036332     
         481   4.7065428501277999        2.8648294449064413       0.13412156635036332     
         482   4.7065428501277999        2.8648294449064413       0.13411803646399759     
         483   4.7065428501277999        2.8648294449064413       0.13411803646399759     
         484   4.7065428501277999        2.8648294449064413       0.13396760911191896     
         485   4.7065428501277999        2.8648294449064413       0.13396760911191896     
         486   4.7065428501277999        2.8648294449064413       0.13395884532627106     
         487   4.7065428501277999        2.8648294449064413       0.13395884532627106     
         488   4.7065428501277999        2.8648294449064413       0.13395884532627106     
         489   4.7065428501277999        2.8648294449064413       0.13395884532627106     
         490   4.7065428501277999        2.8648294449064413       0.13395884532627106     
         491   4.7065428501277999        2.8648294449064413       0.13395884532627106     
         492   4.7065428501277999        2.8648294449064413       0.13389904649116005     
         493   4.7065428501277999        2.8648294449064413       0.13386774734013460     
         494   4.7065428501277999        2.8648294449064413       0.13386774734013460     
         495   4.7065428501277999        2.8648294449064413       0.13386774734013460     
         496   4.7065428501277999        2.8648294449064413       0.13384952838157851     
         497   4.7065428501277999        2.8648294449064413       0.13384009486838355     
         498   4.7065428501277999        2.8648294449064413       0.13384009486838355     
         499   4.7065428501277999        2.8648294449064413       0.13378298231815355     
         500   4.7065428501277999        2.8648294449064413       0.13376614326156000     
         501   4.7065428501277999        2.8648294449064413       0.13376614326156000     
         502   4.7065428501277999        2.8648294449064413       0.13376614326156000     
         503   4.7065428501277999        2.8648294449064413       0.13376614326156000     
         504   4.7065428501277999        2.8648294449064413       0.13376614326156000     
         505   4.7065428501277999        2.8648294449064413       0.13373800195154983     
         506   4.7065428501277999        2.8648294449064413       0.13373800195154983     
         507   4.7065428501277999        2.8648294449064413       0.13373800195154983     
         508   4.7065428501277999        2.8648294449064413       0.13371296064166932     
         509   4.7065428501277999        2.8648294449064413       0.13371296064166932     
         510   4.7065428501277999        2.8648294449064413       0.13371296064166932     
         511   4.7065428501277999        2.8648294449064413       0.13371296064166932     
         512   4.7065428501277999        2.8648294449064413       0.13371296064166932     
         513   4.7065428501277999        2.8648294449064413       0.13371296064166932     
         514   4.7065428501277999        2.8648294449064413       0.13371296064166932     
         515   4.7065428501277999        2.8648294449064413       0.13371296064166932     
         516   4.7065428501277999        2.8648294449064413       0.13371296064166932     
         517   4.7065428501277999        2.8648294449064413       0.13371296064166932     
         518   4.7065428501277999        2.8648294449064413       0.13371296064166932     
         519   4.7065428501277999        2.8648294449064413       0.13371296064166932     
         520   4.7065428501277999        2.8648294449064413       0.13371296064166932     
         521   4.7065428501277999        2.8648294449064413       0.13371296064166932     
         522   4.7065428501277999        2.8648294449064413       0.13371296064166932     
         523   4.7065428501277999        2.8648294449064413       0.13371296064166932     
         524   4.7065428501277999        2.8648294449064413       0.13371296064166932     
         525   4.7065428501277999        2.8648294449064413       0.13371296064166932     
         526   4.7065428501277999        2.8648294449064413       0.13368810258163721     
         527   4.7065428501277999        2.8648294449064413       0.13366067584788768     
         528   4.7065428501277999        2.8648294449064413       0.13365301833655771     
         529   4.7065428501277999        2.8648294449064413       0.13365301833655771     
         530   4.7065428501277999        2.8648294449064413       0.13365301833655771     
         531   4.7065428501277999        2.8648294449064413       0.13360854981418055     
         532   4.7065428501277999        2.8648294449064413       0.13360854981418055     
         533   4.7065428501277999        2.8648294449064413       0.13360854981418055     
         534   4.7065428501277999        2.8648294449064413       0.13360854981418055     
         535   4.7065428501277999        2.8648294449064413       0.13360854981418055     
         536   4.7065428501277999        2.8648294449064413       0.13360198485226443     
         537   4.7065428501277999        2.8648294449064413       0.13360198485226443     
         538   4.7065428501277999        2.8648294449064413       0.13359989311108705     
         539   4.7065428501277999        2.8648294449064413       0.13359989311108705     
         540   4.7065428501277999        2.8648294449064413       0.13359989311108705     
         541   4.7065428501277999        2.8648294449064413       0.13359681395166764     
         542   4.7065428501277999        2.8648294449064413       0.13355543125690567     
         543   4.7065428501277999        2.8648294449064413       0.13355543125690567     
         544   4.7065428501277999        2.8648294449064413       0.13355543125690567     
         545   4.7065428501277999        2.8648294449064413       0.13352473453017119     
         546   4.7065428501277999        2.8648294449064413       0.13352473453017119     
         547   4.7065428501277999        2.8648294449064413       0.13351443485775516     
         548   4.7065428501277999        2.8648294449064413       0.13351443485775516     
         549   4.7065428501277999        2.8648294449064413       0.13351443485775516     
         550   4.7065428501277999        2.8648294449064413       0.13351443485775516     
         551   4.7065428501277999        2.8648294449064413       0.13351443485775516     
         552   4.7065428501277999        2.8648294449064413       0.13351443485775516     
         553   4.7065428501277999        2.8648294449064413       0.13351443485775516     
         554   4.7065428501277999        2.8648294449064413       0.13351443485775516     
         555   4.7065428501277999        2.8648294449064413       0.13351443485775516     
         556   4.7065428501277999        2.8648294449064413       0.13351443485775516     
         557   4.7065428501277999        2.8648294449064413       0.13351443485775516     
         558   4.7065428501277999        2.8648294449064413       0.13351443485775516     
         559   4.7065428501277999        2.8648294449064413       0.13351355566281445     
         560   4.7065428501277999        2.8648294449064413       0.13350240863225823     
         561   4.7065428501277999        2.8648294449064413       0.13350240863225823     
         562   4.7065428501277999        2.8648294449064413       0.13350240863225823     
         563   4.7065428501277999        2.8648294449064413       0.13348090359749445     
         564   4.7065428501277999        2.8648294449064413       0.13347340424388923     
         565   4.7065428501277999        2.8648294449064413       0.13347340424388923     
         566   4.7065428501277999        2.8648294449064413       0.13346976681093881     
         567   4.7065428501277999        2.8648294449064413       0.13346976681093881     
         568   4.7065428501277999        2.8648294449064413       0.13346976681093881     
         569   4.7065428501277999        2.8648294449064413       0.13343613205617905     
         570   4.7065428501277999        2.8648294449064413       0.13343613205617905     
         571   4.7065428501277999        2.8648294449064413       0.13343613205617905     
         572   4.7065428501277999        2.8648294449064413       0.13341832980297480     
         573   4.7065428501277999        2.8648294449064413       0.13341832980297480     
         574   4.7065428501277999        2.8648294449064413       0.13341832980297480     
         575   4.7065428501277999        2.8648294449064413       0.13341832980297480     
         576   4.7065428501277999        2.8648294449064413       0.13336888028130531     
         577   4.7065428501277999        2.8648294449064413       0.13336888028130531     
         578   4.7065428501277999        2.8648294449064413       0.13336888028130531     
         579   4.7065428501277999        2.8648294449064413       0.13334074360719134     
         580   4.7065428501277999        2.8648294449064413       0.13334074360719134     
         581   4.7065428501277999        2.8648294449064413       0.13334074360719134     
         582   4.7065428501277999        2.8648294449064413       0.13334074360719134     
         583   4.7065428501277999        2.8648294449064413       0.13334074360719134     
         584   4.7065428501277999        2.8648294449064413       0.13334074360719134     
         585   4.7065428501277999        2.8648294449064413       0.13334074360719134     
         586   4.7065428501277999        2.8648294449064413       0.13332636380244953     
         587   4.7065428501277999        2.8648294449064413       0.13332636380244953     
         588   4.7065428501277999        2.8648294449064413       0.13332636380244953     
         589   4.7065428501277999        2.8648294449064413       0.13330979643023130     
         590   4.7065428501277999        2.8648294449064413       0.13330979643023130     
         591   4.7065428501277999        2.8648294449064413       0.13330979643023130     
         592   4.7065428501277999        2.8648294449064413       0.13330979643023130     
         593   4.7065428501277999        2.8648294449064413       0.13330979643023130     
         594   4.7065428501277999        2.8648294449064413       0.13330979643023130     
         595   4.7065428501277999        2.8648294449064413       0.13330979643023130     
         596   4.7065428501277999        2.8648294449064413       0.13329718828031989     
         597   4.7065428501277999        2.8648294449064413       0.13326655007460902     
         598   4.7065428501277999        2.8648294449064413       0.13326655007460902     
         599   4.7065428501277999        2.8648294449064413       0.13326655007460902     
         600   4.7065428501277999        2.8648294449064413       0.13325285250693281     
         601   4.7065428501277999        2.8648294449064413       0.13325053798944603     
         602   4.7065428501277999        2.8648294449064413       0.13323514029499323     
         603   4.7065428501277999        2.8648294449064413       0.13322612977706205     
         604   4.7065428501277999        2.8648294449064413       0.13322612977706205     
         605   4.7065428501277999        2.8648294449064413       0.13322522306646281     
         606   4.7065428501277999        2.8648294449064413       0.13322522306646281     
         607   4.7065428501277999        2.8648294449064413       0.13322522306646281     
         608   4.7065428501277999        2.8648294449064413       0.13322522306646281     
         609   4.7065428501277999        2.8648294449064413       0.13322522306646281     
         610   4.7065428501277999        2.8648294449064413       0.13322522306646281     
         611   4.7065428501277999        2.8648294449064413       0.13321924608702887     
         612   4.7065428501277999        2.8648294449064413       0.13321924608702887     
         613   4.7065428501277999        2.8648294449064413       0.13321924608702887     
         614   4.7065428501277999        2.8648294449064413       0.13321924608702887     
         615   4.7065428501277999        2.8648294449064413       0.13321924608702887     
         616   4.7065428501277999        2.8648294449064413       0.13321557175943588     
         617   4.7065428501277999        2.8648294449064413       0.13321557175943588     
         618   4.7065428501277999        2.8648294449064413       0.13321557175943588     
         619   4.7065428501277999        2.8648294449064413       0.13319657688562497     
         620   4.7065428501277999        2.8648294449064413       0.13318869273892864     
         621   4.7065428501277999        2.8648294449064413       0.13316761999605486     
         622   4.7065428501277999        2.8648294449064413       0.13315919108495228     
         623   4.7065428501277999        2.8648294449064413       0.13315919108495228     
         624   4.7065428501277999        2.8648294449064413       0.13315919108495228     
         625   4.7065428501277999        2.8648294449064413       0.13315919108495228     
         626   4.7065428501277999        2.8648294449064413       0.13315919108495228     
         627   4.7065428501277999        2.8648294449064413       0.13313950532790525     
         628   4.7065428501277999        2.8648294449064413       0.13312641275144127     
         629   4.7065428501277999        2.8648294449064413       0.13312641275144127     
         630   4.7065428501277999        2.8648294449064413       0.13311819017789503     
         631   4.7065428501277999        2.8648294449064413       0.13310883693668865     
         632   4.7065428501277999        2.8648294449064413       0.13310883693668865     
         633   4.7065428501277999        2.8648294449064413       0.13310593265483242     
         634   4.7065428501277999        2.8648294449064413       0.13308417451104435     
         635   4.7065428501277999        2.8648294449064413       0.13308417451104435     
         636   4.7065428501277999        2.8648294449064413       0.13308417451104435     
         637   4.7065428501277999        2.8648294449064413       0.13308285186403704     
         638   4.7065428501277999        2.8648294449064413       0.13308285186403704     
         639   4.7065428501277999        2.8648294449064413       0.13308285186403704     
         640   4.7065428501277999        2.8648294449064413       0.13308285186403704     
         641   4.7065428501277999        2.8648294449064413       0.13308285186403704     
         642   4.7065428501277999        2.8648294449064413       0.13308285186403704     
         643   4.7065428501277999        2.8648294449064413       0.13308285186403704     
         644   4.7065428501277999        2.8648294449064413       0.13308285186403704     
         645   4.7065428501277999        2.8648294449064413       0.13308285186403704     
         646   4.7065428501277999        2.8648294449064413       0.13307318142397737     
         647   4.7065428501277999        2.8648294449064413       0.13307318142397737     
         648   4.7065428501277999        2.8648294449064413       0.13306397437111900     
         649   4.7065428501277999        2.8648294449064413       0.13306397437111900     
         650   4.7065428501277999        2.8648294449064413       0.13305343793335853     
         651   4.7065428501277999        2.8648294449064413       0.13305343793335853     
         652   4.7065428501277999        2.8648294449064413       0.13303211981718152     
         653   4.7065428501277999        2.8648294449064413       0.13303211981718152     
         654   4.7065428501277999        2.8648294449064413       0.13303211981718152     
         655   4.7065428501277999        2.8648294449064413       0.13303211981718152     
         656   4.7065428501277999        2.8648294449064413       0.13303211981718152     
         657   4.7065428501277999        2.8648294449064413       0.13303056108820288     
         658   4.7065428501277999        2.8648294449064413       0.13303056108820288     
         659   4.7065428501277999        2.8648294449064413       0.13301405709360337     
         660   4.7065428501277999        2.8648294449064413       0.13301405709360337     
         661   4.7065428501277999        2.8648294449064413       0.13301405709360337     
         662   4.7065428501277999        2.8648294449064413       0.13301405709360337     
         663   4.7065428501277999        2.8648294449064413       0.13301405709360337     
         664   4.7065428501277999        2.8648294449064413       0.13301405709360337     
         665   4.7065428501277999        2.8648294449064413       0.13301405709360337     
         666   4.7065428501277999        2.8648294449064413       0.13300748153788094     
         667   4.7065428501277999        2.8648294449064413       0.13300748153788094     
         668   4.7065428501277999        2.8648294449064413       0.13300748153788094     
         669   4.7065428501277999        2.8648294449064413       0.13300748153788094     
         670   4.7065428501277999        2.8648294449064413       0.13300748153788094     
         671   4.7065428501277999        2.8648294449064413       0.13299621261373581     
         672   4.7065428501277999        2.8648294449064413       0.13299621261373581     
         673   4.7065428501277999        2.8648294449064413       0.13299621261373581     
         674   4.7065428501277999        2.8648294449064413       0.13299621261373581     
         675   4.7065428501277999        2.8648294449064413       0.13299621261373581     
         676   4.7065428501277999        2.8648294449064413       0.13299621261373581     
         677   4.7065428501277999        2.8648294449064413       0.13299295454054544     
         678   4.7065428501277999        2.8648294449064413       0.13299295454054544     
         679   4.7065428501277999        2.8648294449064413       0.13299295454054544     
         680   4.7065428501277999        2.8648294449064413       0.13299295454054544     
         681   4.7065428501277999        2.8648294449064413       0.13298888152697722     
         682   4.7065428501277999        2.8648294449064413       0.13298888152697722     
         683   4.7065428501277999        2.8648294449064413       0.13298888152697722     
         684   4.7065428501277999        2.8648294449064413       0.13298888152697722     
         685   4.7065428501277999        2.8648294449064413       0.13297878810131458     
         686   4.7065428501277999        2.8648294449064413       0.13297878810131458     
         687   4.7065428501277999        2.8648294449064413       0.13297878810131458     
         688   4.7065428501277999        2.8648294449064413       0.13297878810131458     
         689   4.7065428501277999        2.8648294449064413       0.13297560417632776     
         690   4.7065428501277999        2.8648294449064413       0.13297560417632776     
         691   4.7065428501277999        2.8648294449064413       0.13297560417632776     
         692   4.7065428501277999        2.8648294449064413       0.13297560417632776     
         693   4.7065428501277999        2.8648294449064413       0.13297560417632776     
         694   4.7065428501277999        2.8648294449064413       0.13296956835956800     
         695   4.7065428501277999        2.8648294449064413       0.13296956835956800     
         696   4.7065428501277999        2.8648294449064413       0.13296956835956800     
         697   4.7065428501277999        2.8648294449064413       0.13296956835956800     
         698   4.7065428501277999        2.8648294449064413       0.13296956835956800     
         699   4.7065428501277999        2.8648294449064413       0.13296956835956800     
         700   4.7065428501277999        2.8648294449064413       0.13296956835956800     
         701   4.7065428501277999        2.8648294449064413       0.13296956835956800     
         702   4.7065428501277999        2.8648294449064413       0.13296956835956800     
         703   4.7065428501277999        2.8648294449064413       0.13296736443499235     
         704   4.7065428501277999        2.8648294449064413       0.13296433915518205     
         705   4.7065428501277999        2.8648294449064413       0.13296433915518205     
         706   4.7065428501277999        2.8648294449064413       0.13296378932048808     
         707   4.7065428501277999        2.8648294449064413       0.13296378932048808     
         708   4.7065428501277999        2.8648294449064413       0.13296378932048808     
         709   4.7065428501277999        2.8648294449064413       0.13296378932048808     
         710   4.7065428501277999        2.8648294449064413       0.13295740377996557     
         711   4.7065428501277999        2.8648294449064413       0.13294987449508214     
         712   4.7065428501277999        2.8648294449064413       0.13294987449508214     
         713   4.7065428501277999        2.8648294449064413       0.13294987449508214     
         714   4.7065428501277999        2.8648294449064413       0.13294961050643261     
         715   4.7065428501277999        2.8648294449064413       0.13294961050643261     
         716   4.7065428501277999        2.8648294449064413       0.13294961050643261     
         717   4.7065428501277999        2.8648294449064413       0.13294790444785781     
         718   4.7065428501277999        2.8648294449064413       0.13294448838500078     
         719   4.7065428501277999        2.8648294449064413       0.13294448838500078     
         720   4.7065428501277999        2.8648294449064413       0.13294448838500078     
         721   4.7065428501277999        2.8648294449064413       0.13294448838500078     
         722   4.7065428501277999        2.8648294449064413       0.13294011505346823     
         723   4.7065428501277999        2.8648294449064413       0.13294011505346823     
         724   4.7065428501277999        2.8648294449064413       0.13294011505346823     
         725   4.7065428501277999        2.8648294449064413       0.13294011505346823     
         726   4.7065428501277999        2.8648294449064413       0.13294011505346823     
         727   4.7065428501277999        2.8648294449064413       0.13293977955759989     
         728   4.7065428501277999        2.8648294449064413       0.13293965951258893     
         729   4.7065428501277999        2.8648294449064413       0.13293965951258893     
         730   4.7065428501277999        2.8648294449064413       0.13293965951258893     
         731   4.7065428501277999        2.8648294449064413       0.13293965951258893     
         732   4.7065428501277999        2.8648294449064413       0.13293682856306857     
         733   4.7065428501277999        2.8648294449064413       0.13293682856306857     
         734   4.7065428501277999        2.8648294449064413       0.13293682856306857     
         735   4.7065428501277999        2.8648294449064413       0.13293682856306857     
         736   4.7065428501277999        2.8648294449064413       0.13293682856306857     
         737   4.7065428501277999        2.8648294449064413       0.13293682856306857     
         738   4.7065428501277999        2.8648294449064413       0.13293682856306857     
         739   4.7065428501277999        2.8648294449064413       0.13293682856306857     
         740   4.7065428501277999        2.8648294449064413       0.13293682856306857     
         741   4.7065428501277999        2.8648294449064413       0.13293682856306857     
         742   4.7065428501277999        2.8648294449064413       0.13293419598940245     
         743   4.7065428501277999        2.8648294449064413       0.13293133019930325     
         744   4.7065428501277999        2.8648294449064413       0.13292802791672148     
         745   4.7065428501277999        2.8648294449064413       0.13292802791672148     
         746   4.7065428501277999        2.8648294449064413       0.13292802791672148     
         747   4.7065428501277999        2.8648294449064413       0.13292802791672148     
         748   4.7065428501277999        2.8648294449064413       0.13292802791672148     
         749   4.7065428501277999        2.8648294449064413       0.13292802791672148     
         750   4.7065428501277999        2.8648294449064413       0.13292802791672148     
         751   4.7065428501277999        2.8648294449064413       0.13292802791672148     
         752   4.7065428501277999        2.8648294449064413       0.13292802791672148     
         753   4.7065428501277999        2.8648294449064413       0.13292753845287730     
         754   4.7065428501277999        2.8648294449064413       0.13292554318506372     
         755   4.7065428501277999        2.8648294449064413       0.13292325768567728     
         756   4.7065428501277999        2.8648294449064413       0.13292325768567728     
         757   4.7065428501277999        2.8648294449064413       0.13292080137685008     
         758   4.7065428501277999        2.8648294449064413       0.13292080137685008     
         759   4.7065428501277999        2.8648294449064413       0.13292080137685008     
         760   4.7065428501277999        2.8648294449064413       0.13291921422321415     
         761   4.7065428501277999        2.8648294449064413       0.13291921422321415     
         762   4.7065428501277999        2.8648294449064413       0.13291849158150151     
         763   4.7065428501277999        2.8648294449064413       0.13291849158150151     
         764   4.7065428501277999        2.8648294449064413       0.13291844454899071     
         765   4.7065428501277999        2.8648294449064413       0.13291844454899071     
         766   4.7065428501277999        2.8648294449064413       0.13291844454899071     
         767   4.7065428501277999        2.8648294449064413       0.13291844454899071     
         768   4.7065428501277999        2.8648294449064413       0.13291844454899071     
         769   4.7065428501277999        2.8648294449064413       0.13291844454899071     
         770   4.7065428501277999        2.8648294449064413       0.13291844454899071     
         771   4.7065428501277999        2.8648294449064413       0.13291700645604668     
         772   4.7065428501277999        2.8648294449064413       0.13291700645604668     
         773   4.7065428501277999        2.8648294449064413       0.13291700645604668     
         774   4.7065428501277999        2.8648294449064413       0.13291700645604668     
         775   4.7065428501277999        2.8648294449064413       0.13291700645604668     
         776   4.7065428501277999        2.8648294449064413       0.13291700645604668     
         777   4.7065428501277999        2.8648294449064413       0.13291670977534126     
         778   4.7065428501277999        2.8648294449064413       0.13291670977534126     
         779   4.7065428501277999        2.8648294449064413       0.13291670977534126     
         780   4.7065428501277999        2.8648294449064413       0.13291552316638483     
         781   4.7065428501277999        2.8648294449064413       0.13291421209409271     
         782   4.7065428501277999        2.8648294449064413       0.13291421209409271     
         783   4.7065428501277999        2.8648294449064413       0.13291421209409271     
         784   4.7065428501277999        2.8648294449064413       0.13291421209409271     
         785   4.7065428501277999        2.8648294449064413       0.13291421209409271     
         786   4.7065428501277999        2.8648294449064413       0.13291297004469241     
         787   4.7065428501277999        2.8648294449064413       0.13291297004469241     
         788   4.7065428501277999        2.8648294449064413       0.13291297004469241     
         789   4.7065428501277999        2.8648294449064413       0.13291297004469241     
         790   4.7065428501277999        2.8648294449064413       0.13291297004469241     
         791   4.7065428501277999        2.8648294449064413       0.13291297004469241     
         792   4.7065428501277999        2.8648294449064413       0.13291297004469241     
         793   4.7065428501277999        2.8648294449064413       0.13291230709537263     
         794   4.7065428501277999        2.8648294449064413       0.13291221253429503     
         795   4.7065428501277999        2.8648294449064413       0.13291221253429503     
         796   4.7065428501277999        2.8648294449064413       0.13291168090315450     
         797   4.7065428501277999        2.8648294449064413       0.13291135249983077     
         798   4.7065428501277999        2.8648294449064413       0.13291135249983077     
         799   4.7065428501277999        2.8648294449064413       0.13291135249983077     
         800   4.7065428501277999        2.8648294449064413       0.13291135249983077     
         801   4.7065428501277999        2.8648294449064413       0.13291135249983077     
         802   4.7065428501277999        2.8648294449064413       0.13291135249983077     
         803   4.7065428501277999        2.8648294449064413       0.13291135249983077     
         804   4.7065428501277999        2.8648294449064413       0.13291135249983077     
         805   4.7065428501277999        2.8648294449064413       0.13291085832525279     
         806   4.7065428501277999        2.8648294449064413       0.13291085832525279     
         807   4.7065428501277999        2.8648294449064413       0.13290954033888908     
         808   4.7065428501277999        2.8648294449064413       0.13290954033888908     
         809   4.7065428501277999        2.8648294449064413       0.13290954033888908     
         810   4.7065428501277999        2.8648294449064413       0.13290954033888908     
         811   4.7065428501277999        2.8648294449064413       0.13290954033888908     
         812   4.7065428501277999        2.8648294449064413       0.13290954033888908     
         813   4.7065428501277999        2.8648294449064413       0.13290954033888908     
         814   4.7065428501277999        2.8648294449064413       0.13290954033888908     
         815   4.7065428501277999        2.8648294449064413       0.13290954033888908     
         816   4.7065428501277999        2.8648294449064413       0.13290954033888908     
         817   4.7065428501277999        2.8648294449064413       0.13290954033888908     
         818   4.7065428501277999        2.8648294449064413       0.13290954033888908     
         819   4.7065428501277999        2.8648294449064413       0.13290910481003526     
         820   4.7065428501277999        2.8648294449064413       0.13290910481003526     
         821   4.7065428501277999        2.8648294449064413       0.13290910481003526     
         822   4.7065428501277999        2.8648294449064413       0.13290910481003526     
         823   4.7065428501277999        2.8648294449064413       0.13290842406955777     
         824   4.7065428501277999        2.8648294449064413       0.13290819999169656     
         825   4.7065428501277999        2.8648294449064413       0.13290783982900858     
         826   4.7065428501277999        2.8648294449064413       0.13290760852052660     
         827   4.7065428501277999        2.8648294449064413       0.13290758594966093     
         828   4.7065428501277999        2.8648294449064413       0.13290758594966093     
         829   4.7065428501277999        2.8648294449064413       0.13290758594966093     
         830   4.7065428501277999        2.8648294449064413       0.13290758594966093     
         831   4.7065428501277999        2.8648294449064413       0.13290758594966093     
         832   4.7065428501277999        2.8648294449064413       0.13290758594966093     
         833   4.7065428501277999        2.8648294449064413       0.13290758594966093     
         834   4.7065428501277999        2.8648294449064413       0.13290758594966093     
         835   4.7065428501277999        2.8648294449064413       0.13290758594966093     
         836   4.7065428501277999        2.8648294449064413       0.13290758594966093     
         837   4.7065428501277999        2.8648294449064413       0.13290758594966093     
         838   4.7065428501277999        2.8648294449064413       0.13290758594966093     
         839   4.7065428501277999        2.8648294449064413       0.13290715343341797     
         840   4.7065428501277999        2.8648294449064413       0.13290715343341797     
         841   4.7065428501277999        2.8648294449064413       0.13290675663200663     
         842   4.7065428501277999        2.8648294449064413       0.13290675663200663     
         843   4.7065428501277999        2.8648294449064413       0.13290675663200663     
         844   4.7065428501277999        2.8648294449064413       0.13290637662030688     
         845   4.7065428501277999        2.8648294449064413       0.13290637662030688     
         846   4.7065428501277999        2.8648294449064413       0.13290620810385773     
         847   4.7065428501277999        2.8648294449064413       0.13290620810385773     
         848   4.7065428501277999        2.8648294449064413       0.13290616639337463     
         849   4.7065428501277999        2.8648294449064413       0.13290616639337463     
         850   4.7065428501277999        2.8648294449064413       0.13290616639337463     
         851   4.7065428501277999        2.8648294449064413       0.13290596825237400     
         852   4.7065428501277999        2.8648294449064413       0.13290546971828365     
         853   4.7065428501277999        2.8648294449064413       0.13290546971828365     
         854   4.7065428501277999        2.8648294449064413       0.13290546971828365     
         855   4.7065428501277999        2.8648294449064413       0.13290540840368312     
         856   4.7065428501277999        2.8648294449064413       0.13290540840368312     
         857   4.7065428501277999        2.8648294449064413       0.13290540840368312     
         858   4.7065428501277999        2.8648294449064413       0.13290540840368312     
         859   4.7065428501277999        2.8648294449064413       0.13290540840368312     
         860   4.7065428501277999        2.8648294449064413       0.13290540840368312     
         861   4.7065428501277999        2.8648294449064413       0.13290540840368312     
         862   4.7065428501277999        2.8648294449064413       0.13290540840368312     
         863   4.7065428501277999        2.8648294449064413       0.13290540840368312     
         864   4.7065428501277999        2.8648294449064413       0.13290540840368312     
         865   4.7065428501277999        2.8648294449064413       0.13290540840368312     
         866   4.7065428501277999        2.8648294449064413       0.13290533796909151     
         867   4.7065428501277999        2.8648294449064413       0.13290533796909151     
         868   4.7065428501277999        2.8648294449064413       0.13290533796909151     
         869   4.7065428501277999        2.8648294449064413       0.13290533550937539     
         870   4.7065428501277999        2.8648294449064413       0.13290533550937539     
         871   4.7065428501277999        2.8648294449064413       0.13290533550937539     
         872   4.7065428501277999        2.8648294449064413       0.13290533550937539     
         873   4.7065428501277999        2.8648294449064413       0.13290533550937539     
         874   4.7065428501277999        2.8648294449064413       0.13290533550937539     
         875   4.7065428501277999        2.8648294449064413       0.13290533550937539     
         876   4.7065428501277999        2.8648294449064413       0.13290533550937539     
         877   4.7065428501277999        2.8648294449064413       0.13290533550937539     
         878   4.7065428501277999        2.8648294449064413       0.13290531714128401     
         879   4.7065428501277999        2.8648294449064413       0.13290531714128401     
         880   4.7065428501277999        2.8648294449064413       0.13290531714128401     
         881   4.7065428501277999        2.8648294449064413       0.13290516123341825     
         882   4.7065428501277999        2.8648294449064413       0.13290496686109185     
         883   4.7065428501277999        2.8648294449064413       0.13290496686109185     
         884   4.7065428501277999        2.8648294449064413       0.13290496686109185     
         885   4.7065428501277999        2.8648294449064413       0.13290496686109185     
         886   4.7065428501277999        2.8648294449064413       0.13290496686109185     
         887   4.7065428501277999        2.8648294449064413       0.13290496686109185     
         888   4.7065428501277999        2.8648294449064413       0.13290496686109185     
         889   4.7065428501277999        2.8648294449064413       0.13290496686109185     
         890   4.7065428501277999        2.8648294449064413       0.13290496686109185     
         891   4.7065428501277999        2.8648294449064413       0.13290496686109185     
         892   4.7065428501277999        2.8648294449064413       0.13290496686109185     
         893   4.7065428501277999        2.8648294449064413       0.13290496686109185     
         894   4.7065428501277999        2.8648294449064413       0.13290493151592719     
         895   4.7065428501277999        2.8648294449064413       0.13290493151592719     
         896   4.7065428501277999        2.8648294449064413       0.13290485501256930     
         897   4.7065428501277999        2.8648294449064413       0.13290485501256930     
         898   4.7065428501277999        2.8648294449064413       0.13290485501256930     
         899   4.7065428501277999        2.8648294449064413       0.13290485501256930     
         900   4.7065428501277999        2.8648294449064413       0.13290485501256930     
         901   4.7065428501277999        2.8648294449064413       0.13290485501256930     
         902   4.7065428501277999        2.8648294449064413       0.13290485501256930     
         903   4.7065428501277999        2.8648294449064413       0.13290485501256930     
         904   4.7065428501277999        2.8648294449064413       0.13290465044134914     
         905   4.7065428501277999        2.8648294449064413       0.13290465044134914     
         906   4.7065428501277999        2.8648294449064413       0.13290457895672403     
         907   4.7065428501277999        2.8648294449064413       0.13290457895672403     
         908   4.7065428501277999        2.8648294449064413       0.13290457895672403     
         909   4.7065428501277999        2.8648294449064413       0.13290457895672403     
         910   4.7065428501277999        2.8648294449064413       0.13290457895672403     
         911   4.7065428501277999        2.8648294449064413       0.13290457895672403     
         912   4.7065428501277999        2.8648294449064413       0.13290457895672403     
         913   4.7065428501277999        2.8648294449064413       0.13290456284832416     
         914   4.7065428501277999        2.8648294449064413       0.13290456284832416     
         915   4.7065428501277999        2.8648294449064413       0.13290456284832416     
         916   4.7065428501277999        2.8648294449064413       0.13290452842025305     
         917   4.7065428501277999        2.8648294449064413       0.13290452842025305     
         918   4.7065428501277999        2.8648294449064413       0.13290447247645487     
         919   4.7065428501277999        2.8648294449064413       0.13290447247645487     
         920   4.7065428501277999        2.8648294449064413       0.13290447247645487     
         921   4.7065428501277999        2.8648294449064413       0.13290447247645487     
         922   4.7065428501277999        2.8648294449064413       0.13290432180097417     
         923   4.7065428501277999        2.8648294449064413       0.13290432180097417     
         924   4.7065428501277999        2.8648294449064413       0.13290428724170703     
         925   4.7065428501277999        2.8648294449064413       0.13290417365794568     
         926   4.7065428501277999        2.8648294449064413       0.13290407873621224     
         927   4.7065428501277999        2.8648294449064413       0.13290396755599249     
         928   4.7065428501277999        2.8648294449064413       0.13290396755599249     
         929   4.7065428501277999        2.8648294449064413       0.13290396755599249     
         930   4.7065428501277999        2.8648294449064413       0.13290396755599249     
         931   4.7065428501277999        2.8648294449064413       0.13290396755599249     
         932   4.7065428501277999        2.8648294449064413       0.13290396755599249     
         933   4.7065428501277999        2.8648294449064413       0.13290396755599249     
         934   4.7065428501277999        2.8648294449064413       0.13290396755599249     
         935   4.7065428501277999        2.8648294449064413       0.13290396755599249     
         936   4.7065428501277999        2.8648294449064413       0.13290396755599249     
         937   4.7065428501277999        2.8648294449064413       0.13290396755599249     
         938   4.7065428501277999        2.8648294449064413       0.13290396755599249     
         939   4.7065428501277999        2.8648294449064413       0.13290393245331300     
         940   4.7065428501277999        2.8648294449064413       0.13290390047173908     
         941   4.7065428501277999        2.8648294449064413       0.13290390047173908     
         942   4.7065428501277999        2.8648294449064413       0.13290390047173908     
         943   4.7065428501277999        2.8648294449064413       0.13290380997117235     
         944   4.7065428501277999        2.8648294449064413       0.13290380997117235     
         945   4.7065428501277999        2.8648294449064413       0.13290374572028735     
         946   4.7065428501277999        2.8648294449064413       0.13290374572028735     
         947   4.7065428501277999        2.8648294449064413       0.13290374572028735     
         948   4.7065428501277999        2.8648294449064413       0.13290374572028735     
         949   4.7065428501277999        2.8648294449064413       0.13290374572028735     
         950   4.7065428501277999        2.8648294449064413       0.13290374572028735     
         951   4.7065428501277999        2.8648294449064413       0.13290374572028735     
         952   4.7065428501277999        2.8648294449064413       0.13290374572028735     
         953   4.7065428501277999        2.8648294449064413       0.13290374572028735     
         954   4.7065428501277999        2.8648294449064413       0.13290369215189943     
         955   4.7065428501277999        2.8648294449064413       0.13290369215189943     
         956   4.7065428501277999        2.8648294449064413       0.13290369215189943     
         957   4.7065428501277999        2.8648294449064413       0.13290368372957809     
         958   4.7065428501277999        2.8648294449064413       0.13290368372957809     
         959   4.7065428501277999        2.8648294449064413       0.13290368284972434     
         960   4.7065428501277999        2.8648294449064413       0.13290368284972434     
         961   4.7065428501277999        2.8648294449064413       0.13290363508771252     
         962   4.7065428501277999        2.8648294449064413       0.13290360658119305     
         963   4.7065428501277999        2.8648294449064413       0.13290360658119305     
         964   4.7065428501277999        2.8648294449064413       0.13290360658119305     
         965   4.7065428501277999        2.8648294449064413       0.13290360658119305     
         966   4.7065428501277999        2.8648294449064413       0.13290360658119305     
         967   4.7065428501277999        2.8648294449064413       0.13290356308620527     
         968   4.7065428501277999        2.8648294449064413       0.13290348808661728     
         969   4.7065428501277999        2.8648294449064413       0.13290348808661728     
         970   4.7065428501277999        2.8648294449064413       0.13290348808661728     
         971   4.7065428501277999        2.8648294449064413       0.13290348808661728     
         972   4.7065428501277999        2.8648294449064413       0.13290348808661728     
         973   4.7065428501277999        2.8648294449064413       0.13290348808661728     
         974   4.7065428501277999        2.8648294449064413       0.13290348808661728     
         975   4.7065428501277999        2.8648294449064413       0.13290348808661728     
         976   4.7065428501277999        2.8648294449064413       0.13290348808661728     
         977   4.7065428501277999        2.8648294449064413       0.13290348808661728     
         978   4.7065428501277999        2.8648294449064413       0.13290344651378311     
         979   4.7065428501277999        2.8648294449064413       0.13290344651378311     
         980   4.7065428501277999        2.8648294449064413       0.13290344651378311     
         981   4.7065428501277999        2.8648294449064413       0.13290344651378311     
         982   4.7065428501277999        2.8648294449064413       0.13290344651378311     
         983   4.7065428501277999        2.8648294449064413       0.13290344651378311     
         984   4.7065428501277999        2.8648294449064413       0.13290344651378311     
         985   4.7065428501277999        2.8648294449064413       0.13290340048185875     
         986   4.7065428501277999        2.8648294449064413       0.13290338491120343     
         987   4.7065428501277999        2.8648294449064413       0.13290338491120343     
         988   4.7065428501277999        2.8648294449064413       0.13290338491120343     
         989   4.7065428501277999        2.8648294449064413       0.13290338491120343     
         990   4.7065428501277999        2.8648294449064413       0.13290333885719957     
         991   4.7065428501277999        2.8648294449064413       0.13290333885719957     
         992   4.7065428501277999        2.8648294449064413       0.13290332446640404     
         993   4.7065428501277999        2.8648294449064413       0.13290329106871757     
         994   4.7065428501277999        2.8648294449064413       0.13290327724540327     
         995   4.7065428501277999        2.8648294449064413       0.13290321255513943     
         996   4.7065428501277999        2.8648294449064413       0.13290321255513943     
         997   4.7065428501277999        2.8648294449064413       0.13290321255513943     
         998   4.7065428501277999        2.8648294449064413       0.13290321255513943     
         999   4.7065428501277999        2.8648294449064413       0.13290321255513943     
        1000   4.7065428501277999        2.8648294449064413       0.13290320541668710     
